100
6 14
3 44
8 52
9 84
3 4
1 12
6 26
8 89
1 15
2 66
42 3
5 7
12 7
6 11
7 65
43 2
8 45
6 11
9 4
11 14
2 3
1 5
2 4
61 25
33 1
4 12
8 1
3 14
6 4
9 25
4 65
7 1
6 15
4 2
11 6
7 12
9 23
1 14
3 1
8 44
32 5
46 7
7 15
9 4
3 15
2 55
78 5
10 48
9 2
15 6
7 44
36 2
1 14
2 53
14 2
16 7
5 4
3 6
1 4
6 14
7 98
11 12
3 7
6 44
4 3
1 3
8 5
3 25
6 1
4 13
9 15
7 25
6 1
3 8
9 7
2 1
3 14
1 15
7 3
6 12
6 4
5 74
9 7
6 3
4 25
3 2
2 4
7 3
83 71
16 7
3 7
6 55
3 80
4 7
1 12
9 56
3 4
2 50
7 11